70176
70183
70191
70198
70206
70213
70222
70228
70236
70243
70251
70259
70266
70273
70281
70288
70297
70303
70311
70318
70326
70333
70341
70348
70356
70363
70371
70381
70388
70394
70401
70408
70416
70423
70432
70438
70446
70454
70461
70468
70476
70484
70491
70498
70506
70513
70521
70529
70537
70543
70551
70558
70567
70573
70581
70588
70596
70606
70611
70618
70626
70633
70641
70648
70656
70663
70671
70680
70686
70693
70701
70708
70716
70723
70731
70738
70746
70753
70761
70769
70776
70784
70791
70798
70806
70813
70821
70828
70836
70843
70851
70859
70866
70873
70881
70888
70898
70903
70912
70918
70926
70933
70941
70948
70956
70963
70971
70978
70987
70993
71001
71009
71016
71024
71031
71038
71046
71053
71061
71068
71076
71083
71092
71098
71107
71113
71122
71131
71136
71143
71151
71158
71166
71173
71181
71188
71197
71203
71211
71218
71226
71233
71241
71251
71256
71263
71271
71281
71286
71293
71300
71308
71317
71323
71330
71338
71346
71353
71361
71368
71376
71383
71390
71398
71406
71413
71421
71428
71436
71443
71451
71458
71465
71473
71481
71488
71498
71503
71511
71519
71526
71533
71544
71548
71557
71563
71572
71578
71585
71593
71600
71608
71615
71623
71630
71639
71647
71653
71660
71668
71677
71683
71690
71698
71708
71713
71720
71728
71735
71743
71753
71758
71765
71773
71780
71788
71795
71806
71810
71818
71825
71833
71840
71851
71855
71863
71871
71878
71885
71893
71902
71908
71915
71923
71930
71938
71945
71953
71960
71968
71975
71983
71990
71998
72005
72013
72020
72028
72036
72043
72050
72058
