155173
155181
155188
155196
155203
155211
155218
155226
155233
155241
155248
155256
155263
155271
155278
155286
155296
155301
155308
155316
155323
155331
155338
155346
155354
155361
155369
155376
155384
155391
155399
155406
155414
155421
155428
155436
155443
155451
155458
155466
155473
155481
155488
155496
155504
155511
155518
155526
155533
155541
155548
155556
155563
155571
155578
155586
155593
155601
155608
155616
155623
155631
155638
155646
155653
155661
155668
155676
155683
155691
155698
155706
155713
155721
155728
155736
155743
155751
155758
155766
155773
155781
155788
155796
155803
155812
155818
155826
155833
155841
155848
155856
155863
155871
155878
155886
155894
155901
155908
155916
155923
155931
155938
155946
155953
155961
155968
155976
155983
155991
155998
156006
156013
156021
156028
156036
156043
156051
156058
156066
156073
156081
156088
156096
156103
156111
156118
156126
156133
156141
156148
156156
156163
156171
156178
156186
156193
156201
156208
156216
156223
156231
156238
156246
156253
156261
156268
156276
156283
156291
156298
156306
156313
156321
156328
156336
156343
156351
156358
156366
156373
156381
156388
156396
156403
156411
156418
156426
156433
156441
156448
156456
156463
156471
156478
156486
156493
156501
156508
156516
156523
156533
156539
156546
156553
156561
156568
156576
156583
156591
156598
156606
156613
156621
156628
156636
156643
156651
156658
156666
156673
156681
156688
156696
156703
156711
156718
156726
156733
156741
156748
156756
156763
156771
156778
156786
156793
156801
156808
156816
156823
156831
156838
156846
156853
156861
156868
156876
156883
156891
156898
156906
156913
156921
156928
156936
156943
156951
156958
156966
156973
156981
156988
156996
157003
157011
157018
157026
157033
157041
157048
157056
157063
157071
157078
157086
157093
157101
157108
157116
157123
157131
157138
157146
157153
157161
157168
157176
157183
157191
157198
157206
157213
157221
157228
157236
157243
157251
157258
157266
157273
157281
157288
157296
157303
157311
157318
157326
157333
157341
157348
157356
157363
157371
157378
157386
157393
157401
157408
157416
157423
157431
157438
157446
157453
157461
157468
157476
157483
157491
157498
157506
157513
157521
157528
157536
157543
157551
157558
157566
157573
157581
157588
157596
157603
157611
157618
157626
157633
157641
157648
157656
157663
157671
157678
157686
157693
157701
157708
157716
157723
157731
157738
157746
157753
157761
157768
157776
157783
157791
157798
157806
157813
157821
157828
157836
157843
157851
157858
157866
157873
157881
157888
157896
157903
157911
157918
157926
157933
157941
157948
157956
157963
157971
157978
157986
157993
158001
158008
158016
158023
158031
158038
158046
158053
158061
158068
158076
158083
158091
158098
158106
158113
158121
158128
158136
158143
158151
158158
158168
158173
158181
158188
158196
158203
158211
158218
158226
158233
158241
158248
158256
158263
158271
158278
158286
158293
158301
158308
158316
158323
158331
158338
158346
158353
158361
158368
158376
158383
158391
158398
158406
158413
158421
158428
158436
158443
158451
158458
158466
158473
158481
158488
158496
158503
158511
158518
158526
158533
158541
158548
158556
158563
158571
158578
158586
158593
158601
158608
158616
158623
158631
158638
158646
158653
158661
158668
158676
158683
158691
158698
158706
158713
158721
158728
158736
158743
158751
158758
158766
158773
158781
158788
158796
158803
158811
158818
158826
158833
158841
158848
158856
158863
158871
158878
158886
158893
158901
158908
158916
158923
158931
158938
158946
158953
158961
158968
158976
158983
158991
158998
159006
159013
159021
159028
159036
159043
159051
159058
159066
159073
159081
159088
159096
159103
159111
159118
159126
159136
159141
159148
159156
159163
159171
159178
159186
159193
159201
159208
159216
159223
159231
159238
159246
159254
159261
159268
159276
159283
159291
159298
159306
159313
159321
159328
159336
159343
159351
159358
159366
159373
159381
159388
159396
159403
159411
159418
159426
159433
159441
159448
159456
159463
159471
159478
159486
159493
159501
159508
159516
159523
159531
159538
159546
159553
159561
159568
159576
159583
159591
159598
159606
159613
159621
159628
159636
159643
159651
159658
159666
159673
159681
159688
159696
159703
159711
159718
159726
159733
159741
159748
159756
159763
159771
159778
159786
159793
159801
159808
159816
159823
159831
159838
159846
159853
159861
159868
159876
159883
159891
159898
159906
159913
159921
159928
159936
159943
159951
159958
159966
159973
159981
159988
159996
160003
160011
160018
160026
160033
160041
160048
160056
160063
160071
160078
160086
160093
160101
160108
160116
160123
160131
160138
160146
160153
160161
160168
160176
160183
160191
160198
160206
160213
160221
160228
160236
160243
160251
160258
160266
160273
160281
160288
160296
160303
160311
160318
160326
160333
160341
160348
160356
160363
160371
160378
160386
160393
160401
160408
160416
160423
160431
160438
160446
160453
160461
160468
160476
160483
160491
160498
160506
160513
160521
160528
160536
160543
160551
160558
160566
160573
160581
160588
160596
160603
160611
160618
160626
160633
160641
160648
160656
160663
160671
160678
160686
160693
160701
160708
160716
160723
160731
160738
160746
160753
160761
160768
160776
160783
160791
160798
160806
160813
160821
160828
160836
160843
160851
160858
160866
160873
160881
160888
160896
160903
160911
160918
160926
160933
160941
160948
160956
160963
160971
160978
160986
160993
161001
161008
161016
161023
161031
161038
161046
161053
161061
161068
161076
161083
161091
161098
161106
161113
161121
161128
161136
161143
161151
161158
161166
161173
161181
161188
161196
161203
161211
161218
161226
161233
161241
161248
161256
161263
161271
161278
161286
161293
161301
161308
161316
161323
161331
161338
161346
161353
161361
161368
161376
161383
161391
161398
161406
161413
161421
161428
161436
161443
161451
161458
161466
161473
161481
161488
161496
161503
161511
161518
161526
161533
161541
161548
161556
161563
161571
161578
161586
161593
161601
161608
161616
161623
161631
161638
161646
161653
161661
161668
161676
161683
161691
161698
161706
161713
161721
161728
161736
161743
161751
161758
161766
161773
161781
161788
161796
161803
161811
161818
161826
161833
161841
161848
161856
161863
161871
161878
161886
161893
161901
161908
161916
161923
161931
161938
161946
161953
161961
161968
161976
161983
161991
161998
162006
162013
162021
162028
162036
162043
162051
162058
162066
162073
162081
162088
162096
162103
162111
162118
162126
162133
162141
162148
162156
162163
162171
162178
162186
162193
162201
162208
162216
162223
162231
162238
162246
162253
162261
162268
162276
162283
162291
162298
162306
162313
162321
162328
162336
162343
162351
162358
162366
162373
162381
162388
162396
162403
162411
162418
162426
162433
162441
162448
162456
162463
162471
162478
162486
162493
162501
162508
162516
162523
162531
162538
162546
162553
162561
162568
162576
162583
162591
162598
162606
162613
162621
162628
162636
162643
162651
162658
162666
162673
162681
162688
162696
162703
162711
162718
162726
162733
162741
162748
162756
162763
162771
162778
162786
162793
162801
162808
162816
162823
162831
162838
162846
162853
162861
162868
162876
162883
162891
162898
162906
162913
162921
162928
162936
162943
162951
162958
162966
162973
162981
162988
162996
163003
163011
163018
163026
163033
163041
163048
163056
163063
163070
163078
163086
163093
163101
163108
163116
163123
163131
163138
163146
163153
163161
163168
163176
163183
163191
163198
163206
163213
163221
163228
163236
163243
163251
163258
163266
163273
163281
163288
163296
163303
163311
163318
163326
163333
163341
163348
163356
163363
163371
163378
163386
163393
163401
163408
163416
163423
163431
163438
163445
163453
163461
163468
163475
163483
163490
163498
163506
163513
163520
163528
163535
163543
163550
163558
163565
163573
163580
163588
163595
163603
163610
163618
163625
163633
163640
163648
163655
163663
163670
163678
163685
163693
163700
163708
163715
163723
163730
163738
163745
163753
163760
163768
163775
163783
163790
163798
163805
163813
163820
163828
163835
163843
163850
163858
163865
163873
163880
163888
163895
163903
163910
163918
163925
163933
163940
163948
163955
163963
163970
163978
163985
163993
164000
164008
164015
164023
164030
164038
164045
164053
164060
164068
164075
164083
164090
164098
164105
164113
164120
164128
164135
164143
164150
164158
164165
164173
164180
164188
164195
164203
164210
164218
164225
164233
164240
164248
164255
164263
164270
164278
164285
164293
164300
164308
164315
164323
164330
164338
164345
164353
164360
164368
164375
164383
164390
164398
164405
164413
164420
164428
164435
164443
164450
164458
164465
164473
164480
164488
164495
164503
164510
164518
164525
164533
164540
164548
164555
164563
164570
164578
164585
164593
164600
164608
164615
164623
164630
164638
164645
164653
164660
164668
164675
164683
164690
164698
164705
164713
164720
164728
164735
164743
164750
164758
164765
164773
164780
164788
164795
164803
164810
164818
164825
164833
164840
